Task A part 1

We start by generating a random matrix of size (8, 7):
  0.840188   0.394383   0.783099    0.79844   0.911647   0.197551   0.335223 
   0.76823   0.277775    0.55397   0.477397   0.628871   0.364784   0.513401 
   0.95223   0.916195   0.635712   0.717297   0.141603   0.606969  0.0163006 
  0.242887   0.137232   0.804177   0.156679   0.400944    0.12979   0.108809 
  0.998925   0.218257   0.512932   0.839112    0.61264   0.296032   0.637552 
  0.524287   0.493583   0.972775   0.292517   0.771358   0.526745   0.769914 
  0.400229   0.891529   0.283315   0.352458   0.807725   0.919026  0.0697553 
  0.949327   0.525995  0.0860558   0.192214   0.663227   0.890233   0.348893 

Then we factorize the matrix into the matrices Q
  0.391912  -0.130618    0.22584    0.37599   0.325475  -0.706979 -0.0739135 
  0.358346  -0.213953  0.0714932 -0.0987515  0.0793592  0.0344672  0.0745192 
  0.444175   0.387407 -0.0756688    0.18495  -0.774738   -0.11009  -0.011193 
  0.113296 -0.0112617   0.602068  -0.265334 -0.0779056   0.170111  -0.717536 
  0.465956  -0.441307 -0.0722793   0.377153  0.0523327   0.599772  0.0421123 
  0.244558   0.200905   0.544206  -0.348346  0.0770098  0.0988966   0.653985 
   0.18669   0.740754  -0.119903    0.20627   0.504732   0.265911  -0.159285 
  0.442821 -0.0558579  -0.509816  -0.661917   0.134374  -0.133118  -0.138415 

and R, which we see is upper triangular:
   2.14382    1.29837     1.4468    1.43379    1.60955    1.32499     0.9878 
         0   0.876319   0.190547 0.00850079   0.242603   0.736063  -0.243034 
         0          0      1.067   0.212789   0.422052  -0.195878   0.363364 
         0          0          0   0.504202  -0.109559  -0.355458  -0.194806 
         0          0          0          0   0.793952   0.252437    0.30349 
         0          0          0          0          0   0.183684   0.228048 
         0          0          0          0          0          0   0.406182 

We furthermore see that Q^TQ equals the identity matrix:
         1          0          0          0          0          0          0 
         0          1          0          0          0          0          0 
         0          0          1          0          0          0          0 
         0          0          0          1          0          0          0 
         0          0          0          0          1          0          0 
         0          0          0          0          0          1          0 
         0          0          0          0          0          0          1 

And lastly we see that QR equals our original matrix:
  0.840188   0.394383   0.783099    0.79844   0.911647   0.197551   0.335223 
   0.76823   0.277775    0.55397   0.477397   0.628871   0.364784   0.513401 
   0.95223   0.916195   0.635712   0.717297   0.141603   0.606969  0.0163006 
  0.242887   0.137232   0.804177   0.156679   0.400944    0.12979   0.108809 
  0.998925   0.218257   0.512932   0.839112    0.61264   0.296032   0.637552 
  0.524287   0.493583   0.972775   0.292517   0.771358   0.526745   0.769914 
  0.400229   0.891529   0.283315   0.352458   0.807725   0.919026  0.0697553 
  0.949327   0.525995  0.0860558   0.192214   0.663227   0.890233   0.348893 



Task A part 2

We start by generating a random square matrix of size 8:
 0.0641713   0.020023   0.457702  0.0630958    0.23828   0.970634   0.902208    0.85092 
  0.266666    0.53976   0.375207   0.760249   0.512535   0.667724   0.531606  0.0392803 
  0.437638   0.931835    0.93081   0.720952   0.284293   0.738534   0.639979   0.354049 
  0.687861   0.165974   0.440105   0.880075   0.829201   0.330337   0.228968   0.893372 
   0.35036    0.68667   0.956468    0.58864   0.657304   0.858676    0.43956    0.92397 
  0.398437   0.814767   0.684219   0.910972   0.482491   0.215825   0.950252   0.920128 
   0.14766   0.881062   0.641081   0.431953   0.619596   0.281059   0.786002   0.307458 
  0.447034   0.226107   0.187533   0.276235   0.556444   0.416501   0.169607   0.906804 

And a random vector of the same size:
  0.103171 
  0.126075 
  0.495444 
  0.760475 
  0.984752 
  0.935004 
  0.684445 
  0.383188 

Then we factorize the matrix into the matrices Q
 0.0575567 -0.0464856   0.725936  0.0390485   0.167391   0.383134   0.534003 -0.0777708 
  0.239178   0.189002  -0.246933   0.554579   0.218445    0.65158  -0.255138 -0.0341798 
  0.392527   0.348693   0.086083  -0.252205  -0.690245    0.18296  -0.079363   -0.37028 
  0.616958  -0.539015  0.0323541   0.242063   0.113371  -0.332612 -0.0274472  -0.380719 
  0.314246   0.229489   0.515555 -0.0828315   0.179161  -0.178705   -0.57454   0.426376 
  0.357367   0.289333  -0.163499   0.342388  -0.202523  -0.271348   0.516745    0.51278 
   0.13244   0.591991  -0.134749  -0.209073   0.567464  -0.238238   0.170081  -0.403036 
  0.400954  -0.251321  -0.304793  -0.633177   0.199604   0.349605   0.129012   0.321794 

and R, which we see is upper triangular:
   1.11492    1.31272    1.45816    1.68992    1.44363    1.26046    1.22137      1.772 
         0    1.19462   0.886831   0.502722   0.255367   0.481756   0.956767  0.0421594 
         0          0   0.571676  -0.039258   0.104614   0.856586   0.499817   0.675495 
         0          0          0    0.45322  0.0514492 -0.0178033   0.241288  -0.217971 
         0          0          0          0   0.532337   0.188776    0.21755   0.342585 
         0          0          0          0          0   0.698844   0.268622 -0.0517778 
         0          0          0          0          0          0   0.683133   0.505648 
         0          0          0          0          0          0          0   0.494928 

Then we can solve the equation QRx = b for x:
 -0.731286 
 0.0742672 
  0.875355 
  0.323715 
  0.440462 
 -0.551036 
 -0.323753 
  0.528286 

And finally see that Ax = b:
  0.103171 
  0.126075 
  0.495444 
  0.760475 
  0.984752 
  0.935004 
  0.684445 
  0.383188 



Task B

We start by generating a random square matrix of size 8:
  0.749771   0.368664    0.29416   0.232262   0.584489   0.244413    0.15239   0.732149 
  0.125475    0.79347   0.164102   0.745071  0.0745298   0.950104  0.0525293   0.521563 
  0.176211   0.240062   0.797798   0.732654   0.656564   0.967405   0.639458   0.759735 
 0.0934805   0.134902    0.52021  0.0782321  0.0699064   0.204655    0.46142   0.819677 
  0.573319   0.755581  0.0519388   0.157807   0.999994   0.204329   0.889956   0.125468 
  0.997799  0.0540576    0.87054  0.0723288 0.00416161   0.923069   0.593892   0.180372 
  0.163131    0.39169   0.913027   0.819695   0.359095   0.552485    0.57943   0.452576 
  0.687387  0.0996401   0.530808   0.757294   0.304295   0.992228   0.576971   0.877614 

Then we factorize the matrix into the matrices Q
  0.479884  0.0433759  -0.231151  0.0073123   0.164762  -0.416024  -0.659916   0.280419 
  0.080309   0.696715 -0.0534107   0.220842  -0.611325   0.237275   -0.14949  0.0644187 
  0.112782   0.154741   0.523988   0.142458   0.494345   0.563779  -0.325827 -0.00955006 
 0.0598313  0.0892028   0.356869   -0.44158 -0.0741155 -0.0337181   0.250484   0.772491 
  0.366947   0.479454  -0.390392  -0.282685   0.439898  0.0848184   0.422049   -0.15597 
  0.638631  -0.353591   0.153034   -0.35821  -0.394148   0.254294 -0.00632871  -0.308758 
  0.104411   0.302903   0.603683  0.0205485 0.00689902  -0.615828   0.115669  -0.373927 
  0.439956  -0.184799  0.0392241   0.726114   0.018831 -0.0231926   0.426279   0.246784 

and R, which we see is upper triangular:
    1.5624   0.672299    1.17932   0.781464   0.905675    1.47364    1.19726    1.12256 
         0    1.06138   0.192502   0.807955    0.71563   0.596071   0.468904   0.557102 
         0          0    1.21187   0.792341  0.0688553   0.906639   0.577581   0.779772 
         0          0          0   0.732275   0.027555   0.602464  -0.133405   0.413282 
         0          0          0          0   0.816591  -0.328934   0.447182   0.120355 
         0          0          0          0          0   0.551069   0.150317 -0.0227066 
         0          0          0          0          0          0   0.483627  -0.125081 
         0          0          0          0          0          0          0   0.836934 

Then we calculate the inverse matrix:
  0.594938  -0.187505  -0.976041  -0.420527  0.0359081   0.281832   0.292179   0.639084 
  0.173119   0.909209  -0.549872   0.464468   0.316038   0.188652   0.315867  -0.889401 
  0.532184  -0.185136   0.410489  0.0565781  -0.495889   0.517667   0.789618   -1.18484 
 -0.115051  -0.201428  -0.970551  -0.769644 -0.0690652  -0.685558    1.28252    1.26411 
  0.694035  -0.395113    1.46388   -0.73362  0.0829846  -0.177207  -0.464545  -0.662131 
 -0.392567   0.512628    1.20717  -0.229548 -0.0786582    0.47585   -1.16964  -0.291168 
  -1.27786  -0.289194  -0.676666   0.756645   0.824475  -0.108499   0.123617   0.957682 
  0.335055  0.0769699 -0.0114108   0.923001  -0.186359  -0.368916  -0.446782   0.294866 

Which we can verify by observing that AB =
         1          0          0          0          0          0          0          0 
         0          1          0          0          0          0          0          0 
         0          0          1          0          0          0          0          0 
         0          0          0          1          0          0          0          0 
         0          0          0          0          1          0          0          0 
         0          0          0          0          0          1          0          0 
         0          0          0          0          0          0          1          0 
         0          0          0          0          0          0          0          1 

And BA =
         1          0          0          0          0          0          0          0 
         0          1          0          0          0          0          0          0 
         0          0          1          0          0          0          0          0 
         0          0          0          1          0          0          0          0 
         0          0          0          0          1          0          0          0 
         0          0          0          0          0          1          0          0 
         0          0          0          0          0          0          1          0 
         0          0          0          0          0          0          0          1 

